1 0.719051 0.971127 0.040106 0.057746
0 0.520566 0.968644 0.797028 0.062713
0 0.520049 0.690675 0.795993 0.119174
0 0.524678 0.386953 0.803200 0.120826
1 0.308200 0.073296 0.043192 0.072831
1 0.720081 0.067497 0.042166 0.077798
1 0.788982 0.071638 0.042166 0.079450
1 0.240322 0.378670 0.041132 0.084417
1 0.306140 0.375360 0.043192 0.077798
1 0.718534 0.375360 0.043192 0.091035
1 0.788469 0.381153 0.047313 0.092687
1 0.239809 0.689843 0.040106 0.081101
1 0.310770 0.686533 0.048331 0.084417
1 0.716991 0.678257 0.038054 0.081101
1 0.240322 0.077431 0.039080 0.081101
1 0.787439 0.676606 0.041132 0.077798
1 0.239292 0.972785 0.037020 0.054430
1 0.307170 0.969476 0.039080 0.061048
0 0.519536 0.082398 0.792915 0.110904
1 0.784357 0.971959 0.043192 0.056081
