0 0.531364 0.966166 0.800106 0.067667
0 0.521592 0.707228 0.784682 0.178755
0 0.521596 0.401841 0.780570 0.177104
0 0.524165 0.094810 0.779536 0.175439
1 0.797211 0.706396 0.062728 0.104273
1 0.702129 0.706396 0.065920 0.114207
1 0.321050 0.708879 0.077134 0.112543
1 0.232610 0.703912 0.058624 0.112543
1 0.330822 0.095636 0.084332 0.114207
1 0.801376 0.400190 0.071059 0.107588
1 0.704654 0.396055 0.066849 0.115858
1 0.324137 0.398532 0.073013 0.110904
1 0.232610 0.393571 0.058624 0.120826
1 0.803897 0.095636 0.067875 0.114207
1 0.701568 0.090675 0.062728 0.107588
1 0.231067 0.086533 0.055537 0.105937
