1 0.725220 0.055911 0.040114 0.081101
1 0.248033 0.057569 0.040106 0.084417
1 0.322598 0.059227 0.057590 0.077798
1 0.793612 0.049299 0.039080 0.074482
1 0.247520 0.371225 0.032907 0.066199
1 0.314365 0.378670 0.034967 0.071180
1 0.724707 0.379495 0.032915 0.076134
1 0.796698 0.381979 0.039080 0.067864
1 0.244947 0.670813 0.040106 0.069515
1 0.322081 0.679083 0.048331 0.079450
1 0.728819 0.680740 0.037020 0.076134
1 0.790012 0.666671 0.029829 0.054626
1 0.318994 0.976094 0.044226 0.047811
1 0.247520 0.978578 0.032907 0.042844
1 0.724194 0.969567 0.035993 0.054626
1 0.792581 0.972877 0.026743 0.051311
0 0.532390 0.060878 0.785708 0.110904
0 0.538563 0.373702 0.783656 0.130760
0 0.525704 0.678257 0.735318 0.117510
0 0.539593 0.962025 0.752801 0.075950
