1 0.307683 0.209017 0.033933 0.092687
1 0.721107 0.216468 0.035993 0.087720
1 0.786413 0.213152 0.039080 0.094351
1 0.242891 0.536743 0.035993 0.089371
1 0.308713 0.542529 0.048339 0.081101
1 0.244951 0.204875 0.042166 0.081101
1 0.715965 0.536743 0.033933 0.082765
1 0.786926 0.538394 0.038054 0.082765
1 0.245460 0.864463 0.039080 0.086068
1 0.306653 0.865295 0.042166 0.091035
1 0.715965 0.860328 0.036002 0.087733
1 0.788005 0.862811 0.050489 0.082765
0 0.521079 0.206533 0.783656 0.147300
0 0.524165 0.534260 0.783656 0.127444
0 0.521083 0.857012 0.781596 0.137379
