1 0.243408 0.036048 0.032907 0.064548
1 0.314369 0.035819 0.041132 0.071638
1 0.724707 0.039364 0.043192 0.077785
1 0.792634 0.039364 0.045350 0.071180
1 0.794642 0.343912 0.043192 0.074482
1 0.726763 0.342261 0.047305 0.074482
1 0.316425 0.338119 0.043192 0.086068
1 0.245464 0.338119 0.034967 0.089371
1 0.246490 0.626121 0.041140 0.079450
1 0.312826 0.630256 0.042166 0.071180
1 0.725220 0.639364 0.040114 0.066199
1 0.787439 0.641848 0.041132 0.071166
1 0.792064 0.923224 0.046279 0.077798
1 0.723164 0.919915 0.046279 0.081114
1 0.320024 0.915773 0.058616 0.082765
1 0.245977 0.913290 0.040114 0.077798
0 0.530334 0.054856 0.802166 0.109712
0 0.531360 0.337294 0.816564 0.143997
0 0.532394 0.635223 0.816564 0.140695
0 0.524678 0.919915 0.807305 0.130760
