1 0.236910 0.029338 0.032565 0.058676
1 0.306327 0.025891 0.035993 0.051782
1 0.723693 0.028644 0.039422 0.057287
1 0.789259 0.027267 0.045423 0.054535
1 0.789255 0.302811 0.043705 0.071730
1 0.719837 0.304187 0.038567 0.077235
1 0.309756 0.315917 0.042850 0.078624
1 0.238196 0.317982 0.035138 0.068965
1 0.238624 0.616606 0.037704 0.073106
1 0.311042 0.619364 0.047134 0.089659
1 0.720269 0.600740 0.042850 0.077235
1 0.790546 0.606946 0.042850 0.075858
1 0.787972 0.910393 0.035993 0.073106
1 0.718550 0.915223 0.034283 0.074482
1 0.308901 0.915917 0.042850 0.078624
1 0.241625 0.917982 0.036849 0.082752
0 0.518013 0.047955 0.779886 0.095911
0 0.519727 0.317982 0.783314 0.104823
0 0.519296 0.616606 0.780741 0.120000
0 0.530867 0.915229 0.805594 0.143434
