1 0.272476 0.016232 0.158550 0.032464
1 0.746832 0.025891 0.162834 0.051782
1 0.224914 0.274535 0.053135 0.106212
1 0.320468 0.275917 0.064275 0.103447
1 0.701413 0.280052 0.061702 0.106212
1 0.796543 0.286953 0.054845 0.103447
1 0.802541 0.601435 0.059984 0.114482
1 0.702700 0.592464 0.065985 0.110354
1 0.322182 0.588329 0.067704 0.110341
1 0.224059 0.592464 0.053135 0.113106
1 0.227484 0.895911 0.059984 0.113106
1 0.319613 0.896606 0.071132 0.100682
1 0.702268 0.899364 0.066849 0.117235
1 0.798253 0.905570 0.061702 0.113106
0 0.512866 0.039679 0.795309 0.079358
0 0.521437 0.283499 0.805594 0.182071
0 0.513298 0.599358 0.792736 0.195858
0 0.515012 0.893159 0.794454 0.195858
