1 0.245464 0.060052 0.032915 0.079450
0 0.521079 0.958716 0.775432 0.082569
0 0.519589 0.670806 0.784780 0.119174
0 0.518510 0.366258 0.780570 0.119174
0 0.514910 0.060878 0.781596 0.107575
1 0.793099 0.978578 0.052451 0.042844
1 0.721621 0.976094 0.041140 0.047811
1 0.310252 0.976920 0.049365 0.046160
1 0.242891 0.972785 0.035993 0.054430
1 0.792068 0.678257 0.040114 0.081101
1 0.722651 0.674948 0.039080 0.081114
1 0.311283 0.681566 0.047305 0.074482
1 0.245464 0.676599 0.037020 0.084417
1 0.792064 0.370393 0.046279 0.077798
1 0.721621 0.370400 0.037020 0.087720
1 0.317451 0.371225 0.034967 0.076134
1 0.244438 0.367084 0.034967 0.087720
1 0.790012 0.057569 0.038054 0.081114
1 0.724707 0.057569 0.037020 0.077785
1 0.309226 0.060878 0.037020 0.077798
