0 0.513367 0.396055 0.778510 0.148965
0 0.511873 0.734535 0.779642 0.130747
1 0.715448 0.389430 0.043192 0.092700
1 0.305114 0.378676 0.043192 0.091035
1 0.237752 0.381153 0.035993 0.082752
1 0.783893 0.036645 0.038160 0.073290
1 0.715965 0.037713 0.036002 0.074482
1 0.302541 0.043506 0.040114 0.086068
1 0.237239 0.045157 0.034967 0.086068
1 0.789031 0.393565 0.048436 0.100970
1 0.785896 0.719640 0.042166 0.097654
1 0.721107 0.717982 0.052443 0.094338
1 0.305627 0.723775 0.048339 0.082752
1 0.237748 0.728735 0.040106 0.086068
0 0.513367 0.058991 0.776458 0.117982
