1 0.724243 0.367910 0.048436 0.086068
1 0.789499 0.367084 0.045252 0.077785
1 0.243408 0.657569 0.032907 0.076134
1 0.314365 0.661710 0.049365 0.084417
1 0.719051 0.664187 0.040106 0.086068
1 0.788986 0.665845 0.046279 0.076147
1 0.243408 0.956330 0.039080 0.081101
1 0.312309 0.958716 0.045252 0.082569
1 0.720130 0.961199 0.040212 0.077602
1 0.794125 0.953847 0.054503 0.066199
0 0.517533 0.067497 0.778616 0.100970
0 0.523652 0.362949 0.782630 0.115858
0 0.525708 0.652608 0.778518 0.135727
0 0.521596 0.946304 0.786743 0.107392
1 0.239292 0.062536 0.034967 0.074482
1 0.314882 0.070806 0.052451 0.084417
1 0.722647 0.066678 0.043192 0.086068
1 0.789495 0.065845 0.043192 0.081101
1 0.243404 0.362949 0.034967 0.079450
1 0.313852 0.362123 0.048339 0.081101
