1 0.802353 0.963683 0.070961 0.072634
0 0.523139 0.100603 0.785708 0.160550
1 0.231584 0.965334 0.060676 0.069332
1 0.326193 0.967818 0.075073 0.064364
1 0.704141 0.962851 0.067875 0.074299
1 0.708249 0.391088 0.078160 0.115858
1 0.805953 0.392746 0.080212 0.119174
1 0.233123 0.701435 0.065822 0.120826
1 0.326706 0.698952 0.074047 0.115858
1 0.703111 0.689017 0.071987 0.115858
1 0.800293 0.688191 0.064788 0.114207
1 0.325167 0.396048 0.073021 0.105937
1 0.233636 0.394397 0.058624 0.119174
1 0.802353 0.097294 0.070961 0.100957
1 0.706193 0.097287 0.076099 0.114207
1 0.328249 0.106396 0.064788 0.112556
1 0.233636 0.103919 0.058624 0.114207
0 0.526739 0.952097 0.792907 0.095806
0 0.527252 0.695636 0.798054 0.162202
0 0.522109 0.389430 0.785717 0.152280
