0 0.521441 0.042667 0.778453 0.073565
1 0.243265 0.028191 0.029283 0.051717
1 0.310399 0.025315 0.043567 0.050577
1 0.720338 0.024725 0.037858 0.049450
1 0.790326 0.031756 0.037850 0.054024
1 0.242911 0.358191 0.035708 0.090799
1 0.310757 0.358191 0.044283 0.083906
1 0.721409 0.355321 0.034283 0.091953
1 0.791397 0.355321 0.041425 0.091953
1 0.243982 0.688650 0.029283 0.087366
1 0.311474 0.690374 0.042850 0.088506
1 0.722484 0.677726 0.037850 0.088506
1 0.789971 0.680033 0.037142 0.088506
0 0.522154 0.353591 0.779878 0.125295
0 0.524654 0.681180 0.790594 0.106894
