1 0.244625 0.201429 0.042850 0.097929
1 0.309328 0.201429 0.040285 0.095177
1 0.720696 0.211088 0.040285 0.095177
1 0.787117 0.214535 0.042850 0.099318
1 0.787117 0.588329 0.042850 0.093801
1 0.719841 0.590400 0.043705 0.103447
1 0.309756 0.569705 0.049707 0.092412
1 0.243766 0.562123 0.034275 0.088283
1 0.789259 0.952464 0.045423 0.091035
1 0.718555 0.952785 0.032565 0.094430
1 0.310615 0.952464 0.044568 0.091035
1 0.245053 0.950026 0.029992 0.099948
0 0.509015 0.204194 0.761889 0.155858
0 0.509442 0.567641 0.764454 0.168283
0 0.509870 0.933473 0.763599 0.133054
