1 0.250623 0.086258 0.036002 0.085518
1 0.315757 0.086258 0.041140 0.077235
1 0.727121 0.088329 0.039422 0.081376
1 0.795257 0.091088 0.040285 0.078611
1 0.798253 0.395229 0.046279 0.080000
1 0.727121 0.391081 0.037712 0.074482
1 0.317899 0.396599 0.045423 0.085518
1 0.253192 0.393159 0.034283 0.075858
1 0.250623 0.698670 0.041132 0.088270
1 0.318754 0.702811 0.047134 0.082765
1 0.727976 0.697982 0.046279 0.081389
1 0.796116 0.699364 0.038567 0.078624
1 0.795684 0.985197 0.044560 0.029607
1 0.726694 0.985197 0.045423 0.029607
1 0.317044 0.983132 0.052280 0.033735
1 0.250623 0.983132 0.041132 0.033735
0 0.529153 0.082805 0.783306 0.131035
0 0.524866 0.382811 0.776458 0.135164
0 0.528294 0.687634 0.785024 0.129659
0 0.534296 0.968644 0.791881 0.062713
