1 0.309743 0.388270 0.039080 0.087733
1 0.723164 0.390754 0.037028 0.086068
1 0.788469 0.392412 0.038046 0.092687
1 0.243408 0.716822 0.033933 0.089371
1 0.310257 0.720131 0.040106 0.089384
1 0.722651 0.715996 0.038054 0.091022
0 0.530334 0.717647 0.782622 0.130760
1 0.789499 0.715170 0.040106 0.089371
0 0.526221 0.055583 0.807313 0.107575
1 0.243408 0.384135 0.031881 0.089371
1 0.790012 0.040682 0.037028 0.081101
1 0.721103 0.042274 0.039080 0.084548
1 0.309743 0.053925 0.039080 0.084417
0 0.529821 0.385793 0.775423 0.139030
1 0.243921 0.051448 0.030855 0.086068
