1 0.790525 0.440747 0.057598 0.102621
1 0.238779 0.065020 0.038046 0.089384
1 0.308196 0.069980 0.047305 0.099305
1 0.718021 0.075780 0.042166 0.091035
1 0.788005 0.076606 0.050489 0.092687
1 0.240322 0.439083 0.043200 0.102621
1 0.309739 0.443224 0.048339 0.097667
1 0.719047 0.435773 0.042166 0.099305
1 0.242378 0.837982 0.043192 0.105924
1 0.310770 0.839640 0.062728 0.105937
1 0.716995 0.821429 0.042166 0.099318
1 0.788982 0.822261 0.050391 0.097654
0 0.523139 0.082392 0.791881 0.153932
0 0.528278 0.435780 0.800106 0.135727
0 0.524165 0.832189 0.791881 0.134076
