1 0.307166 0.039128 0.049365 0.078257
1 0.238265 0.386121 0.045244 0.089384
1 0.784353 0.029201 0.045252 0.058401
1 0.717508 0.031088 0.030847 0.061232
0 0.517480 0.735360 0.797028 0.135727
0 0.514910 0.385295 0.787769 0.127444
0 0.518510 0.047405 0.782622 0.094810
1 0.787439 0.732877 0.053477 0.097654
1 0.716991 0.729567 0.046279 0.100970
1 0.306140 0.734535 0.047313 0.091035
1 0.236209 0.732051 0.037028 0.086068
1 0.786926 0.376193 0.048331 0.096003
1 0.714426 0.372877 0.039080 0.086068
1 0.305110 0.380328 0.053477 0.084404
1 0.239296 0.039128 0.045252 0.078257
