1 0.224381 0.187503 0.052443 0.109240
1 0.702081 0.179227 0.067875 0.115858
1 0.800293 0.185013 0.062736 0.107588
1 0.226954 0.495360 0.057590 0.112556
1 0.322594 0.495360 0.074047 0.105924
1 0.701055 0.491219 0.065822 0.114207
1 0.799267 0.492051 0.064788 0.115872
1 0.224381 0.770944 0.056564 0.114207
1 0.318998 0.769292 0.079186 0.107575
1 0.700537 0.765983 0.068909 0.120826
1 0.804406 0.773427 0.070961 0.122477
0 0.513367 0.776743 0.805252 0.175452
0 0.517020 0.501986 0.800212 0.175452
0 0.515423 0.183362 0.790847 0.180406
1 0.321050 0.182536 0.070961 0.112543
