1 0.796185 0.487084 0.046279 0.089371
1 0.245977 0.193296 0.038046 0.084417
1 0.313339 0.196606 0.037020 0.081101
1 0.725220 0.199083 0.029821 0.079450
1 0.793607 0.206533 0.034967 0.097654
1 0.726763 0.492051 0.037028 0.082765
1 0.318481 0.495360 0.053477 0.076147
1 0.244947 0.489574 0.025708 0.074482
1 0.241352 0.802392 0.028795 0.084417
1 0.313856 0.803224 0.038054 0.082752
1 0.727789 0.808191 0.045252 0.089384
1 0.795151 0.809843 0.046279 0.099318
0 0.523648 0.201566 0.788795 0.130760
0 0.517484 0.492051 0.823762 0.109240
0 0.510281 0.801566 0.801132 0.132412
