1 0.312313 0.420052 0.049365 0.094338
1 0.243921 0.063362 0.036002 0.096003
1 0.313339 0.068322 0.049365 0.092687
1 0.724194 0.065020 0.044218 0.092687
1 0.795664 0.065020 0.053477 0.092687
1 0.244438 0.418401 0.034967 0.104273
1 0.724190 0.420046 0.038054 0.097654
1 0.791604 0.418394 0.043290 0.097654
1 0.243921 0.756055 0.033933 0.091035
1 0.310770 0.760190 0.052451 0.086068
1 0.723681 0.762674 0.034967 0.091035
1 0.794125 0.762674 0.046279 0.100970
0 0.526739 0.070813 0.790855 0.137379
0 0.527818 0.416743 0.778616 0.140695
0 0.539593 0.765983 0.752801 0.134063
