1 0.244438 0.159364 0.043192 0.082765
1 0.304601 0.156881 0.042166 0.081101
1 0.720594 0.156881 0.037020 0.081101
1 0.787443 0.159364 0.043192 0.076134
1 0.237752 0.452326 0.035993 0.076134
1 0.306653 0.449849 0.042166 0.074482
1 0.719564 0.449017 0.041132 0.069515
1 0.788982 0.456461 0.040114 0.081101
1 0.239809 0.769292 0.038054 0.077798
1 0.307166 0.768467 0.049365 0.079450
1 0.720594 0.764332 0.041140 0.097654
0 0.517020 0.770950 0.779642 0.130760
0 0.515423 0.457294 0.780570 0.135714
0 0.511824 0.165983 0.795993 0.122477
1 0.786926 0.767641 0.044226 0.094338
