1 0.719564 0.811501 0.041132 0.109240
1 0.313339 0.809017 0.047313 0.094338
1 0.243408 0.804882 0.030855 0.099305
1 0.793099 0.410950 0.052451 0.099305
1 0.722134 0.411776 0.042166 0.107588
1 0.311299 0.414260 0.049389 0.102621
1 0.246494 0.410950 0.039080 0.105937
1 0.784357 0.024233 0.041140 0.048467
1 0.721673 0.027543 0.043298 0.055085
1 0.312822 0.029201 0.046279 0.058401
1 0.243404 0.032510 0.034967 0.065020
0 0.535993 0.803224 0.768225 0.142333
0 0.532907 0.410950 0.776450 0.152280
0 0.533933 0.039128 0.786743 0.078257
1 0.789495 0.814810 0.043192 0.102621
