1 0.726694 0.010026 0.036857 0.020052
1 0.792256 0.014856 0.030847 0.029712
1 0.245912 0.281435 0.031710 0.078624
1 0.312757 0.287641 0.041995 0.080000
1 0.726694 0.282123 0.038567 0.077248
1 0.793970 0.282811 0.034275 0.081376
1 0.793115 0.575223 0.037712 0.067588
1 0.724552 0.578670 0.037704 0.077235
1 0.312329 0.576606 0.044560 0.086894
1 0.250195 0.573159 0.038567 0.082752
1 0.248481 0.882811 0.040285 0.081376
1 0.314471 0.889017 0.041987 0.077248
1 0.724980 0.882811 0.041995 0.081376
1 0.792256 0.883506 0.042850 0.074482
0 0.528298 0.021062 0.786743 0.042123
0 0.527439 0.277294 0.785024 0.122765
0 0.529153 0.572464 0.785033 0.142071
0 0.527439 0.880740 0.781604 0.121376
