1 0.244194 0.142123 0.030000 0.073106
1 0.313616 0.146953 0.047134 0.074482
1 0.722838 0.146258 0.041132 0.075872
1 0.792256 0.147641 0.042850 0.073106
1 0.789259 0.456599 0.047134 0.078624
1 0.721555 0.449017 0.031710 0.066212
1 0.313184 0.455911 0.042850 0.077248
1 0.244621 0.451776 0.032565 0.071730
1 0.242911 0.798670 0.034275 0.067588
1 0.310187 0.804187 0.040277 0.070341
1 0.725839 0.803499 0.040277 0.068965
1 0.786686 0.801429 0.028274 0.053788
0 0.522296 0.142123 0.788453 0.128283
0 0.522724 0.445570 0.787598 0.131035
0 0.507300 0.797294 0.765318 0.108978
