1 0.246767 0.044875 0.031710 0.080000
1 0.314902 0.046265 0.042850 0.080000
1 0.723697 0.044882 0.035993 0.082765
1 0.792260 0.046265 0.039422 0.080000
1 0.247622 0.353152 0.036857 0.078624
1 0.316185 0.353847 0.043705 0.074482
1 0.726694 0.352464 0.040277 0.082752
1 0.792683 0.351776 0.041995 0.084128
1 0.248909 0.655223 0.034283 0.075872
1 0.314471 0.657982 0.041987 0.078611
1 0.724125 0.660740 0.040285 0.084128
1 0.791828 0.662123 0.043705 0.084142
1 0.249340 0.957615 0.038567 0.084771
1 0.314898 0.959679 0.044568 0.080642
1 0.724552 0.960052 0.037704 0.075858
1 0.792687 0.961062 0.040277 0.077877
0 0.525293 0.058303 0.784169 0.116606
0 0.530440 0.349017 0.791026 0.120000
0 0.528294 0.653840 0.785024 0.142071
0 0.525725 0.942438 0.788453 0.115125
