1 0.236914 0.102117 0.035993 0.081376
1 0.299898 0.099364 0.041995 0.078624
1 0.718982 0.104187 0.030000 0.085518
1 0.784116 0.109017 0.041995 0.086894
1 0.236482 0.409705 0.036857 0.078624
1 0.300757 0.409705 0.038567 0.078624
1 0.715126 0.405570 0.041132 0.075858
1 0.784971 0.408329 0.033428 0.084128
1 0.787113 0.708329 0.047989 0.082765
1 0.716840 0.705570 0.047997 0.077248
1 0.304186 0.707634 0.048844 0.078624
1 0.236910 0.710393 0.037712 0.084142
0 0.515012 0.109024 0.799601 0.114482
0 0.521869 0.409705 0.811588 0.128270
0 0.512871 0.708329 0.791881 0.132412
0 0.525297 0.981062 0.818445 0.037877
1 0.233054 0.987955 0.030000 0.024089
1 0.304613 0.985891 0.039422 0.028218
1 0.716840 0.985891 0.042850 0.028218
1 0.784544 0.986579 0.042850 0.026841
