1 0.244621 0.025197 0.030855 0.050393
1 0.310183 0.024509 0.036849 0.049017
1 0.718555 0.023132 0.039422 0.046265
1 0.787113 0.018991 0.047989 0.037982
1 0.244198 0.348329 0.035138 0.082765
1 0.311042 0.360740 0.040277 0.099305
1 0.719410 0.356606 0.046279 0.091035
1 0.788400 0.362123 0.045415 0.091035
1 0.789686 0.700052 0.047989 0.096540
1 0.720269 0.695911 0.042850 0.091035
1 0.309328 0.700740 0.048852 0.092412
1 0.244198 0.700740 0.036849 0.089659
0 0.525297 0.034856 0.787598 0.069712
0 0.523583 0.355911 0.784169 0.155858
0 0.519296 0.692464 0.787598 0.133788
