1 0.247622 0.186946 0.033420 0.077248
1 0.312329 0.186946 0.037704 0.080000
1 0.726694 0.180740 0.038567 0.084128
1 0.796971 0.184875 0.040277 0.084142
1 0.795252 0.497294 0.038567 0.077235
1 0.731409 0.495917 0.042850 0.074482
1 0.318327 0.493847 0.047989 0.078624
1 0.246767 0.493847 0.031710 0.078624
1 0.249336 0.795911 0.035138 0.073106
1 0.315757 0.796599 0.042850 0.074482
1 0.725407 0.795223 0.035993 0.077235
1 0.793115 0.797294 0.037712 0.073093
0 0.538583 0.185564 0.759316 0.096553
0 0.525725 0.502123 0.754169 0.111717
0 0.542007 0.799358 0.776458 0.113106
