1 0.721621 0.715170 0.048339 0.086068
0 0.523135 0.088689 0.788795 0.124142
0 0.523652 0.392412 0.785708 0.139030
0 0.523652 0.713512 0.789829 0.139030
1 0.242895 0.090341 0.030855 0.084404
1 0.309226 0.092824 0.040114 0.082765
1 0.242895 0.392405 0.039080 0.096003
1 0.311283 0.392412 0.046279 0.092687
1 0.720594 0.089515 0.044218 0.089384
1 0.786413 0.088689 0.048331 0.081101
1 0.721625 0.389928 0.046279 0.084417
1 0.792068 0.390754 0.049365 0.092700
1 0.241352 0.712680 0.042166 0.097654
1 0.310770 0.715996 0.047305 0.094351
1 0.787956 0.715170 0.049365 0.086068
