1 0.719564 0.270262 0.037028 0.092687
0 0.527300 0.970301 0.789927 0.059397
0 0.525708 0.598814 0.792915 0.140695
1 0.242891 0.273565 0.035993 0.092687
0 0.523139 0.271913 0.791881 0.145662
1 0.788469 0.978578 0.032915 0.042844
1 0.721625 0.975269 0.039080 0.049463
1 0.308196 0.981062 0.037028 0.037877
1 0.244434 0.981062 0.037028 0.037877
1 0.788982 0.602117 0.044218 0.087720
1 0.721673 0.602949 0.043298 0.095990
1 0.310770 0.280190 0.046279 0.096003
1 0.310257 0.607916 0.045252 0.082752
1 0.242378 0.604600 0.034967 0.092687
1 0.791555 0.275223 0.049365 0.096003
