1 0.309226 0.339777 0.043192 0.072818
0 0.528278 0.940511 0.793933 0.118978
0 0.525195 0.640183 0.775423 0.114207
0 0.539593 0.333152 0.804218 0.082765
0 0.536507 0.052602 0.785717 0.100957
1 0.243921 0.950537 0.042158 0.082752
1 0.314369 0.950537 0.055529 0.079450
1 0.721621 0.948047 0.037020 0.081101
1 0.793612 0.950531 0.045252 0.076134
1 0.792581 0.642674 0.049365 0.076147
1 0.721621 0.641016 0.049365 0.076134
1 0.313856 0.649299 0.046279 0.086068
1 0.247003 0.646809 0.042166 0.077785
1 0.791038 0.337294 0.046279 0.077785
1 0.719564 0.331494 0.030855 0.079450
1 0.243921 0.339777 0.033933 0.072818
1 0.794638 0.045983 0.055529 0.081114
1 0.722134 0.049292 0.044218 0.081101
1 0.312826 0.044325 0.054511 0.077798
1 0.243408 0.045983 0.039080 0.087720
