1 0.248481 0.041750 0.036849 0.083499
1 0.310615 0.041062 0.039422 0.082123
1 0.726698 0.043132 0.041995 0.086265
1 0.794401 0.046953 0.043705 0.092412
1 0.246767 0.373159 0.031710 0.091035
1 0.315330 0.378676 0.041995 0.091035
1 0.723265 0.372464 0.036857 0.084142
1 0.792260 0.375917 0.039422 0.085518
1 0.246767 0.722811 0.033420 0.097942
1 0.316612 0.722123 0.042850 0.091035
1 0.722838 0.705570 0.034275 0.093788
1 0.794829 0.707634 0.035993 0.089659
0 0.529153 0.050026 0.793599 0.100052
0 0.532150 0.369705 0.799593 0.122765
0 0.530867 0.717982 0.803884 0.118611
