1 0.240770 0.153152 0.041995 0.081376
1 0.307186 0.152464 0.044568 0.082752
1 0.723265 0.144882 0.047134 0.081376
1 0.785831 0.146946 0.040277 0.082752
1 0.238628 0.456606 0.039422 0.075858
1 0.308473 0.455223 0.041995 0.078624
1 0.718123 0.453159 0.036849 0.080000
1 0.790114 0.460740 0.045423 0.092412
1 0.241625 0.766953 0.036849 0.081376
1 0.305900 0.758676 0.041995 0.073106
1 0.716840 0.753847 0.042850 0.085518
1 0.784116 0.750400 0.035138 0.070341
0 0.501299 0.149017 0.753314 0.100682
0 0.493587 0.446953 0.734454 0.114482
0 0.491441 0.754535 0.725033 0.106212
