1 0.245912 0.203499 0.038567 0.077248
1 0.311897 0.207641 0.045423 0.082752
1 0.721124 0.210393 0.039430 0.080000
1 0.790114 0.211088 0.045423 0.084142
1 0.244625 0.508329 0.034283 0.082765
1 0.311470 0.506946 0.041132 0.080000
1 0.721551 0.511088 0.035138 0.080000
1 0.788400 0.513152 0.036849 0.070341
1 0.790969 0.809024 0.045423 0.074482
1 0.720269 0.806946 0.041140 0.073106
1 0.315757 0.817982 0.054853 0.075858
1 0.242056 0.814535 0.039422 0.066212
0 0.523151 0.202117 0.786743 0.118624
0 0.527011 0.500740 0.789316 0.125518
0 0.533868 0.813847 0.772166 0.114482
