1 0.241197 0.197294 0.041140 0.073093
1 0.310615 0.196599 0.044568 0.074482
1 0.723697 0.199364 0.047997 0.082765
1 0.791828 0.203506 0.041995 0.085518
1 0.789682 0.513840 0.042850 0.080000
1 0.723270 0.511088 0.041995 0.080000
1 0.308469 0.509705 0.047134 0.082765
1 0.239479 0.509017 0.035993 0.075858
1 0.239910 0.822123 0.033420 0.075858
1 0.307182 0.822123 0.042850 0.073106
1 0.721124 0.822811 0.042850 0.085518
1 0.787113 0.820052 0.037712 0.077248
0 0.516299 0.202123 0.778168 0.115858
0 0.517154 0.517294 0.779878 0.122765
0 0.519727 0.833152 0.783314 0.128270
