1 0.237337 0.246258 0.059137 0.118624
1 0.328612 0.246258 0.066849 0.121376
1 0.709552 0.240052 0.067704 0.120000
1 0.805542 0.239358 0.062565 0.115858
1 0.238624 0.561429 0.061710 0.122752
1 0.336755 0.567641 0.077989 0.115858
1 0.711698 0.562805 0.068559 0.120000
1 0.805542 0.560046 0.065985 0.114482
1 0.804682 0.882811 0.062557 0.122765
1 0.707842 0.882811 0.065993 0.122765
1 0.332471 0.891776 0.071132 0.124128
1 0.241193 0.890400 0.066849 0.118624
0 0.527007 0.244187 0.787598 0.186199
0 0.527011 0.561429 0.785879 0.188965
0 0.527439 0.884875 0.786735 0.182071
