1 0.246340 0.195223 0.044568 0.099305
1 0.310615 0.193847 0.047989 0.099305
1 0.720696 0.189705 0.041995 0.093801
1 0.788400 0.190393 0.047142 0.097929
1 0.789255 0.568329 0.041995 0.103447
1 0.720696 0.564882 0.040285 0.096553
1 0.313184 0.567641 0.047997 0.102071
1 0.244625 0.560740 0.034283 0.096553
1 0.241625 0.979679 0.026572 0.040642
1 0.308042 0.980374 0.046279 0.039253
1 0.718982 0.983820 0.040277 0.032359
1 0.786258 0.981429 0.044568 0.035858
0 0.523583 0.194535 0.782459 0.153106
0 0.524011 0.553152 0.785024 0.158624
0 0.524011 0.955544 0.785024 0.088912
