1 0.245053 0.158670 0.036849 0.081376
1 0.311470 0.159364 0.041132 0.071730
1 0.723693 0.163499 0.039422 0.077248
1 0.789686 0.168329 0.039422 0.092412
1 0.793970 0.467634 0.041132 0.081376
1 0.724552 0.467641 0.034283 0.075858
1 0.312329 0.463499 0.041140 0.081389
1 0.245480 0.461429 0.032573 0.082752
1 0.245053 0.771776 0.033428 0.077235
1 0.315757 0.777294 0.042850 0.077235
1 0.723265 0.775223 0.036857 0.081376
1 0.793542 0.775911 0.036857 0.080000
0 0.526152 0.162805 0.794454 0.131035
0 0.523156 0.464187 0.783314 0.132412
0 0.523583 0.772464 0.792736 0.128283
