1 0.239483 0.218670 0.034275 0.077235
1 0.305041 0.213152 0.038567 0.071730
1 0.723270 0.213847 0.041995 0.070341
1 0.786686 0.213840 0.041987 0.073106
1 0.786258 0.512471 0.039422 0.074482
1 0.721124 0.515229 0.039430 0.068965
1 0.308473 0.521429 0.043705 0.075858
1 0.241625 0.525570 0.038559 0.078611
1 0.241193 0.827641 0.039422 0.084142
1 0.305041 0.822811 0.038567 0.074482
1 0.718982 0.824187 0.041987 0.085518
1 0.789255 0.827641 0.041995 0.075858
0 0.522296 0.221435 0.786743 0.107588
0 0.518441 0.526258 0.782451 0.115872
0 0.513730 0.829017 0.781596 0.120000
