1 0.239479 0.048329 0.035993 0.084128
1 0.306327 0.045570 0.042850 0.089646
1 0.718123 0.045570 0.036849 0.089646
1 0.786254 0.044875 0.035993 0.080000
1 0.787545 0.406953 0.041995 0.089659
1 0.718982 0.404194 0.045423 0.086894
1 0.310183 0.410393 0.043705 0.080000
1 0.242911 0.409705 0.041132 0.092412
1 0.242052 0.748322 0.035993 0.091035
1 0.311042 0.752464 0.041987 0.088283
1 0.719410 0.751776 0.039422 0.089659
1 0.789255 0.753840 0.041995 0.080000
0 0.518441 0.050714 0.780741 0.101429
0 0.523583 0.404875 0.791026 0.137929
0 0.522724 0.740740 0.782451 0.144836
